2000 50 5 0.387507776579943 0 0
-10.509591255428 24.9718249667154 1.53615934875421 11.4719474244301 -1.70703799639871
-11.830112091918 -2.4461448295781 10.2269324816756 8.77905098399363 -6.23352455943532
-9.12541300034779 18.2018979414153 7.85994295747732 17.1568215621314 -3.59678582929911
-17.1761234464844 -0.634192956947864 3.10062182844419 1.30695220474602 -9.18326234901511
-19.3766512250399 -3.04746266030804 -3.01803565573715 5.76108230348046 -9.4268768799045
-5.42460114058749 1.69280642354316 -1.45199498897377 3.25662180168289 8.433188756018
-13.2749500059641 3.21659022993987 12.6876390715909 2.50870783687924 -6.15994026411387
-14.2610145552353 1.90672242542337 5.30981251712787 1.21709021140159 -5.27817761943307
-7.48306016769217 6.02060764836887 24.3428170162389 -5.2217869943098 -6.07163963838656
-14.1319965289839 6.67397089927688 10.9827349697534 10.9832504006883 -6.53073425278144
-4.5497407696809 14.6440407301189 2.03681585029893 8.27282031665702 4.0208018754334
-19.6351556935255 8.06160678115867 -1.48919621098171 12.5881907957529 -10.1434495552294
-10.8983696157643 1.71709299454498 5.72869453375748 3.13947075408365 1.66228184362866
-1.53557622531835 1.30462417469917 14.877462533467 -4.46485592879072 5.2541998086069
-15.5479394859041 -8.00641867185156 8.92551718574465 3.77717086565222 -3.76465040872157
-5.59870888902193 5.41508822732077 10.8860998372727 -0.837182554960202 -0.719392785976125
-9.10260999215815 -1.29217832529057 9.98471708432079 -0.338548004186087 5.74923479924279
-10.7335356652574 -0.911797946719056 10.3080780559213 -21.2323927398137 0.839338575110217
-5.63813825122344 7.10383222016746 4.30601786976463 5.50674683671921 1.27753805299287
-10.280936138176 4.09297660400151 5.94529148595474 -0.613966527817343 2.0306046355213
-2.88698899824203 8.12300083387459 18.4642164812007 -7.22135190066195 5.45824605841831
-9.11692596920852 3.55309861577652 10.3642106416063 -3.36520389228692 -0.33409371872099
-8.85512489765901 -2.03099660511553 6.80269473907739 -2.7978798306639 1.93079093129244
-6.56426486656713 -4.21745101196898 15.6310998456029 -2.97034416362222 -2.87055480888041
-12.1631750537169 6.024814787997 7.63274877184961 6.50597117410393 -4.18521647730644
-12.8298614447605 3.45128132625853 7.66815821897791 12.5483398131267 -4.20697622146723
-16.876727594425 -3.15382722624709 2.06347354877835 -2.08452769914439 -9.91895399444181
-8.47130056142262 1.63919360492406 18.6285254892758 -7.83439994780679 -1.02411872779924
-10.6239801335933 14.5377777768142 7.60601285997807 13.4109252849708 -2.89385264524885
-9.4044618229649 -14.7643004943785 0.313876605558744 2.05084140297314 -2.70781555134755
-5.96404419729892 4.51757572960254 16.4613733149867 9.12547969951853 0.144056595387098
-9.38237005034839 0.167959322681896 4.78183547050107 5.934166400975 -0.743243639695637
-17.2329790136344 6.49356006850383 -2.60540290735351 -2.70887318128013 -3.72402883003707
-9.07918389495888 2.25917528790505 6.86996442227166 -1.85178022047096 -4.36949099911484
-3.21880695175247 1.96853042361097 14.1600870887684 1.45719709363692 1.86070706113217
-8.4457043362601 -7.95487508557737 9.90276215649845 7.95857657459991 -0.36115184754663
-6.25347366272555 8.91072395215897 11.9339492812293 -3.2094634928347 5.10179247083326
-4.40669302108392 -3.29789222889314 31.729183229699 -13.8986400514922 -1.9120064668979
-3.34813115492439 0.267457379052223 1.67302392594005 13.0140380056242 0.775863926600132
-11.4573663838287 5.99484673638989 18.1728963061631 -6.70332839272388 -5.58210288922892
-10.4456393998133 -2.0858515511616 7.69495913631247 0.335233831065055 1.93988396701545
-10.6334437487589 0.131373652710195 5.6025806386471 4.43667085219363 -7.64495214934344
-14.8731506096391 4.89520077120276 -1.97125576027957 18.9938756305046 -1.89900967480625
-12.7894676524468 4.8222554681852 3.81460843918662 2.17172321150701 -2.90738270633021
-4.31333122047768 -0.986453265283303 2.54331370068393 -3.72125154910792 2.13689953262924
-14.7860017183116 5.05078196649953 2.85843100268995 3.81077915279861 -5.54614128492436
-8.68730457627555 3.92136627168629 9.35293459332661 5.74241448984549 0.793077933106796
5.03179624048059 4.89405885664937 18.0775756974021 -1.10759904468888 9.28645608590827
-10.0970867902 -1.86854487210202 0.400514092743139 13.1039298321581 -2.51190076403914
-3.44732063922428 12.3391286826226 14.021206045196 4.87040453734667 5.85118962033396
